
72562 LBF North Platte Observations at 12Z 09 Jan 2024

-----------------------------------------------------------------------------
   PRES   HGHT   TEMP   DWPT   RELH   MIXR   DRCT   SKNT   THTA   THTE   THTV
    hPa     m      C      C      %    g/kg    deg   knot     K      K      K 
-----------------------------------------------------------------------------
 1000.0    136                                                               
  925.0    747                                                               
  913.0    849   -8.5  -10.3     87   1.92    325     11  271.6  277.1  271.9
  908.0    892   -9.7  -13.6     73   1.48    317     14  270.8  275.1  271.1
  907.0    900   -9.8  -13.6     74   1.48    315     15  270.8  275.1  271.1
  901.0    951  -10.3  -13.7     76   1.48    326     14  270.8  275.0  271.0
  893.0   1020  -10.6  -14.0     76   1.46    340     12  271.2  275.4  271.4
  880.0   1133  -11.1  -14.4     77   1.43    343     18  271.8  275.9  272.0
  872.0   1203  -11.5  -14.9     76   1.39    345     22  272.1  276.1  272.3
  850.0   1400   -7.9  -13.9     62   1.54    350     39  277.9  282.4  278.1
  839.0   1501   -7.7  -14.2     59   1.52    350     40  279.1  283.7  279.4
  831.0   1576   -7.5  -14.5     57   1.50    352     41  280.1  284.6  280.3
  820.0   1679   -7.9  -15.2     56   1.44    355     43  280.7  285.0  280.9
  807.0   1803   -8.4  -16.0     54   1.36    355     42  281.4  285.5  281.7
  791.0   1958   -9.1  -17.1     52   1.27    352     39  282.3  286.2  282.6
  777.0   2096   -9.8  -18.2     50   1.18    350     36  283.1  286.7  283.3
  762.0   2246  -10.5  -19.5     48   1.08    350     35  283.9  287.2  284.1
  712.0   2766  -13.1  -24.1     39   0.77    350     30  286.6  289.0  286.7
  700.0   2895  -14.1  -23.1     46   0.86    350     29  286.8  289.6  287.0
  668.0   3249  -15.7  -29.7     29   0.49    354     30  288.9  290.5  289.0
  656.0   3385  -16.1  -29.1     32   0.53    355     30  290.0  291.7  290.1
  655.0   3397  -16.1  -29.4     31   0.52    355     30  290.0  291.8  290.1
  622.0   3785  -17.3  -39.3     13   0.20    345     31  293.0  293.8  293.1
  621.0   3797  -17.4  -39.4     13   0.20    345     31  293.1  293.8  293.1
  596.0   4099  -19.1  -42.9     10   0.15    345     29  294.5  295.0  294.5
  588.0   4198  -19.7  -44.0     10   0.13    345     32  294.9  295.4  295.0
  511.0   5230  -25.8  -55.9      4   0.04    325     22  299.7  299.9  299.7
  500.0   5390  -26.7  -57.7      4   0.03    325     25  300.4  300.6  300.4
  483.0   5640  -27.5  -65.5      1   0.01    342     35  302.4  302.5  302.4
  478.0   5716  -27.3  -65.3      1   0.01    347     38  303.6  303.6  303.6
  466.0   5896  -28.6  -66.2      1   0.01      0     45  304.2  304.2  304.2
  438.0   6336  -31.7  -68.2      1   0.01    345     52  305.7  305.7  305.7
  413.0   6753  -34.7  -70.2      1   0.01    355     49  307.0  307.0  307.0
  400.0   6980  -36.3  -71.3      1   0.01    350     51  307.7  307.8  307.7
  398.0   7015  -36.5  -71.5      1   0.01    350     52  307.9  307.9  307.9
  383.0   7279  -38.7  -73.7      1   0.00    348     57  308.4  308.4  308.4
  374.0   7442  -39.7  -71.7      2   0.01    346     61  309.2  309.2  309.2
  365.0   7604  -41.0  -70.4      3   0.01    345     64  309.6  309.7  309.6
  320.0   8480  -47.9  -63.6     15   0.02    350     71  311.9  312.0  311.9
  300.0   8910  -51.3  -60.3     33   0.04    350     67  312.9  313.1  312.9
  298.0   8954  -51.5  -60.5     33   0.04    351     67  313.2  313.4  313.3
  292.0   9086  -52.3  -61.3     33   0.03    353     66  313.9  314.1  313.9
  287.0   9197  -52.9  -62.3     31   0.03    355     66  314.7  314.8  314.7
  267.0   9661  -55.3  -66.3     24   0.02    352     67  317.7  317.8  317.7
  258.0   9880  -56.5  -66.5     27   0.02    351     68  319.1  319.1  319.1
  252.0  10029  -56.5  -68.0     22   0.02    350     68  321.2  321.3  321.2
  250.0  10080  -56.5  -68.5     21   0.02    350     72  321.9  322.0  321.9
  248.0  10130  -56.7  -68.8     20   0.01    350     75  322.4  322.5  322.4
  234.0  10496  -57.9  -70.9     17   0.01    350     72  326.0  326.0  326.0
  231.0  10576  -57.9  -71.9     15   0.01    349     69  327.2  327.2  327.2
  224.0  10770  -56.3  -71.3     14   0.01    348     63  332.5  332.6  332.5
  222.0  10827  -56.1  -71.1     14   0.01    347     61  333.7  333.7  333.7
  212.0  11115  -57.8  -73.2     12   0.01    345     52  335.5  335.5  335.5
  200.0  11480  -59.9  -75.9     11   0.01    340     57  337.8  337.8  337.8
  191.0  11768  -60.1  -77.1      9   0.01    336     57  341.9  341.9  341.9
  180.0  12139  -59.2  -78.1      7   0.01    330     57  349.2  349.2  349.2
  174.0  12352  -58.7  -78.7      6   0.00    332     53  353.4  353.5  353.4
  163.0  12761  -59.8  -80.8      5   0.00    335     46  358.3  358.3  358.3
  154.0  13116  -60.7  -82.7      4   0.00    331     49  362.6  362.6  362.6
  151.0  13239  -60.7  -82.7      4   0.00    330     50  364.6  364.6  364.6
  150.0  13280  -60.7  -82.7      4   0.00    330     49  365.3  365.3  365.3
  137.0  13841  -62.3  -85.6      3   0.00    335     44  372.1  372.1  372.1
  129.0  14213  -63.3  -87.5      2   0.00    335     31  376.7  376.7  376.7
  124.0  14458  -64.0  -88.8      2   0.00    330     29  379.7  379.7  379.7
  122.0  14558  -64.3  -89.3      2   0.00    328     31  381.0  381.0  381.0
  116.0  14868  -63.5  -89.5      2   0.00    320     38  388.0  388.0  388.0
  105.0  15485  -61.1  -89.9      1   0.00    305     51  403.7  403.7  403.7
  104.0  15545  -60.9  -89.9      1   0.00    310     49  405.2  405.2  405.2
  103.0  15605  -60.6  -89.8      1   0.00    315     47  407.0  407.0  407.0
  100.0  15790  -59.5  -89.5      1   0.00    305     41  412.5  412.5  412.5
   96.6  16006  -59.1  -89.1      1   0.00    307     43  417.4  417.4  417.4
   92.5  16278  -59.3  -88.3      1   0.00    310     46  422.2  422.2  422.2
   92.0  16312  -59.3  -88.3      1   0.00    310     46  422.8  422.9  422.8
   91.9  16319  -59.3  -88.3      1   0.00    310     45  423.0  423.0  423.0
   91.0  16380  -59.2  -88.4      1   0.00    305     38  424.3  424.4  424.3
   88.0  16590  -58.9  -88.9      1   0.00    307     38  429.0  429.1  429.0
   85.8  16749  -58.7  -87.7      1   0.00    309     38  432.6  432.6  432.6
   84.0  16882  -58.9  -87.9      1   0.00    310     38  434.8  434.8  434.8
   81.8  17048  -59.1  -88.1      1   0.00    304     37  437.7  437.7  437.7
   79.0  17268  -58.5  -88.0      1   0.00    295     35  443.3  443.3  443.3
   71.0  17941  -56.7  -87.5      1   0.00    305     46  460.8  460.8  460.8
   70.0  18030  -56.5  -87.5      1   0.00    295     44  463.2  463.2  463.2
   67.5  18262  -54.5  -85.5      1   0.00    287     45  472.3  472.4  472.3
   67.0  18309  -54.4  -85.4      1   0.00    285     45  473.6  473.6  473.6
   64.0  18604  -53.6  -84.6      1   0.00    300     38  481.5  481.5  481.5
   60.5  18965  -52.7  -83.7      1   0.01    296     37  491.3  491.4  491.3
   60.0  19019  -52.6  -83.7      1   0.01    295     37  492.8  492.8  492.8
   55.0  19582  -51.3  -83.3      1   0.01    290     45  508.1  508.1  508.1
   54.9  19594  -51.3  -83.3      1   0.01    290     45  508.4  508.4  508.4
   53.3  19786  -51.3  -83.3      1   0.01    286     38  512.7  512.7  512.7
   51.0  20072  -52.1  -83.4      1   0.01    280     28  517.2  517.2  517.2
   50.1  20187  -52.5  -83.5      1   0.01    289     31  519.0  519.1  519.0
   50.0  20200  -52.5  -83.5      1   0.01    290     31  519.3  519.4  519.3
   49.0  20330  -52.4  -83.4      1   0.01    300     36  522.6  522.7  522.6
   46.8  20627  -52.1  -83.1      1   0.01    304     40  530.2  530.2  530.2
   42.0  21333  -48.2  -81.1      1   0.01    315     50  556.5  556.6  556.5
   41.9  21348  -48.1  -81.1      1   0.01    315     49  557.1  557.2  557.1
   39.7  21704  -46.3  -79.3      1   0.02    319     33  570.3  570.4  570.3
   39.0  21821  -46.8  -79.6      1   0.02    320     27  571.9  572.1  571.9
   35.0  22528  -49.9  -81.2      1   0.02    285     16  581.8  582.0  581.9
   31.7  23175  -52.7  -82.7      1   0.01    318     27  591.0  591.1  591.0
   31.0  23319  -53.0  -83.0      1   0.01    325     29  593.8  594.0  593.8
   30.1  23509  -53.5  -83.5      1   0.01    329     25  597.6  597.7  597.6
   30.0  23530  -53.5  -83.5      1   0.01    330     24  598.2  598.3  598.2
   28.0  23978  -51.7  -82.6      1   0.02    300     20  615.0  615.2  615.1
   25.7  24535  -49.5  -81.5      1   0.02    311     31  636.6  636.8  636.6
   25.0  24716  -48.8  -81.4      1   0.02    315     35  643.6  643.9  643.6
   24.5  24849  -48.3  -81.3      1   0.02    315     30  648.8  649.0  648.8
   24.0  24983  -48.9  -81.5      1   0.02    315     25  651.1  651.3  651.1
   22.0  25551  -51.2  -82.3      1   0.02    295     18  660.6  660.8  660.6
   20.6  25980  -52.9  -82.9      1   0.02    309     21  667.8  668.0  667.8
   20.0  26170  -53.7  -83.7      1   0.02    315     23  671.0  671.2  671.1
   19.9  26202  -53.9  -83.9      1   0.02    316     23  671.4  671.6  671.4
   19.0  26498  -54.7  -84.7      1   0.02    330     27  677.8  677.9  677.8
   18.2  26773  -55.5  -85.5      1   0.01    332     24  683.7  683.9  683.7
   17.7  26951  -55.7  -85.7      1   0.01    333     21  688.5  688.7  688.6
   17.0  27209  -54.7  -85.1      1   0.02    335     18  699.8  700.0  699.8
   16.1  27557  -53.3  -84.3      1   0.02    344     29  715.3  715.5  715.3
   16.0  27597  -53.3  -84.3      1   0.02    345     30  716.5  716.8  716.5
   15.7  27719  -53.3  -84.3      1   0.02                720.4  720.6  720.4

Station information and sounding indices

                         Station identifier: LBF
                             Station number: 72562
                           Observation time: 240109/1200
                           Station latitude: 41.13
                          Station longitude: -100.68
                          Station elevation: 849.0
                            Showalter index: 15.31
                               Lifted index: 20.05
    LIFT computed using virtual temperature: 20.04
                                SWEAT index: 103.01
                                    K index: -4.10
                         Cross totals index: 12.80
                      Vertical totals index: 18.80
                        Totals totals index: 31.60
      Convective Available Potential Energy: 0.00
             CAPE using virtual temperature: 0.00
                      Convective Inhibition: 0.00
             CINS using virtual temperature: 0.00
                     Bulk Richardson Number: 0.00
          Bulk Richardson Number using CAPV: 0.00
  Temp [K] of the Lifted Condensation Level: 258.40
Pres [hPa] of the Lifted Condensation Level: 834.15
   Equivalent potential temp [K] of the LCL: 276.37
     Mean mixed layer potential temperature: 272.16
              Mean mixed layer mixing ratio: 1.47
              1000 hPa to 500 hPa thickness: 5254.00
Precipitable water [mm] for entire sounding: 3.32

Description of the data columns or sounding indices.

Interested in graduate studies in atmospheric science? Check out our program at the University of Wyoming Questions about the weather data provided by this site can be addressed to Larry Oolman (ldoolman@uwyo.edu)
